Bedrooms,Bathrooms,Sq. ft,Laundry?,Price
3,1,1100,0,2795
3,2,1200,0,4550
1,1,660,1,2580
1,1,695,0,1590
1,1,783,0,1925
2,1,988,0,2965
1,1,603,0,1600
2,2,1300,1,3500
5,1,1200,0,4650
1,1,650,0,850
6,3,2800,0,5500
4,1,1100,1,4000
1,1,705,1,2520
2,1,870,1,3105
2,2,1010,1,3399
3,2,1445,1,4325
3,3,1081,1,5091
1,1,420,1,2340
1,1,617,1,3119
2,2,845,1,845
1,1,700,0,1500
5,2,1750,0,6700
2,2,1447,1,2850
3,1,902,0,3625
4,2,1037,0,4350
1,1,536,1,2770
1,1,589,1,2599
2,2,1138,1,3675
3,1,900,0,3450
1,1,788,1,2985
3,1,1000,1,4800
1,1,850,0,1675
2,1,1000,0,2400
2,2,1000,0,2500
2,1,1051,0,2950
1,1,675,0,1967
3,2,1325,0,2935
3,1,1500,0,4300
1,1,600,0,1695
2,1,655,1,1495
3,2,1700,1,2800
3,1,2020,1,2200
2,1,1350,1,1450
2,1,924,0,2850
2,1,900,1,2195
2,1,950,1,2850
2,1,900,1,3000
1,1,450,1,2000
1,1,650,1,2400
1,1,1000,0,2000
